%this file contains 200 pole balancing examples; each line of the form:
%theta theta' target_force, i.e. 2 inputs and 1 target output

 0.150833  1.027983  1.779294
-1.003966  0.134535 -4.083502
-1.004733  1.277974 -2.942121
-0.901717  0.066560 -3.855405
 0.073415  1.333916  1.700663
-0.686864 -1.141066 -4.311643
-0.982299 -0.835420 -4.994299
-1.435255 -1.071030 -6.025172
-0.415685  0.499814 -1.519269
 0.534137  0.549333  3.094825
 1.451074 -0.662416  4.301793
 0.011577 -0.418178 -0.360295
 0.574931 -0.289563  2.429322
 0.935129  1.518234  5.541612
-0.704409 -0.487015 -3.724932
-0.863463  1.017197 -2.783291
-1.029852 -0.296658 -4.582772
-0.419088 -0.463813 -2.498453
-0.589456  0.249967 -2.529578
 1.173519  1.054732  5.665321
 0.013063 -1.084117 -1.018805
 1.484438  0.601584  5.582951
-0.348765 -1.521637 -3.230324
 1.101326  0.806323  5.265364
 0.548997  0.064643  2.673804
-0.215117  0.429251 -0.638057
 0.972999  1.367232  5.500120
-1.559747 -0.022842 -5.022537
-0.493151  0.946202 -1.420816
-0.075429  0.373213 -0.003573
-1.111633  0.631928 -3.850189
-0.180411 -0.570713 -1.467880
-1.235550  0.971273 -3.750372
 0.536294 -0.254233  2.300536
-0.349532  0.138993 -1.573297
-0.770322  1.234303 -2.247529
 0.625648 -0.856656  2.071459
 0.265067 -1.293889  0.015981
-0.807521 -0.204427 -3.817305
 1.083206  1.312249  5.729571
 1.430988 -0.702731  4.248483
 0.170727  0.833215  1.682711
-0.906319  0.181753 -3.754443
-0.760447  0.171303 -3.274924
-0.442865  0.734897 -1.407753
-1.026305  0.016275 -4.260680
-0.203995  0.364057 -0.648861
 1.016382  0.131275  4.382320
-0.235442 -0.018144 -1.184509
 1.447814  0.985798  5.948035
-1.449971 -0.893280 -5.856828
 0.649281  0.746497  3.769568
-0.179164 -0.656424 -1.547460
 1.023381  0.584087  4.853450
 0.709922  0.535767  3.794638
 0.325563  0.570138  2.169351
 1.403856 -1.074530  3.855959
-0.167468 -1.073283 -1.906713
 0.677996  0.642858  3.779024
 0.668840 -1.335642  1.764738
-0.193066  1.213307  0.253963
 0.251405  1.173759  2.417584
 0.006591 -0.303033 -0.270077
-0.265786  1.341922  0.028582
 1.249595 -0.388792  4.355492
 0.756900  1.370444  4.803799
 0.288700 -0.164639  1.258892
 0.546121 -1.461284  1.135598
 0.749709 -0.001318  3.405811
 0.693623 -0.111142  3.085494
-1.036372 -0.551634 -4.854443
-1.111824 -1.203336 -5.685878
-0.055391  0.291480  0.014666
-0.705799 -0.948216 -4.191426
-0.636482  1.533813 -1.438038
-0.713085  0.741224 -2.529628
 1.176300  1.109140  5.725091
 0.344163 -0.387929  1.299115
-0.764713 -1.492443 -4.954095
-0.616828 -1.085891 -3.978144
-0.310415 -1.430749 -2.958020
-1.286267  1.549057 -3.249912
-0.024568  0.830627  0.707801
-1.483000 -0.845679 -5.826421
-0.741512  0.781395 -2.595623
 0.613952 -0.207111  2.673399
-1.341059  1.072900 -3.795731
 0.160373  0.174323  0.972754
-0.206440  1.025346  0.000461
 0.796879  0.727850  4.303741
 0.988339 -1.486979  2.688589
-0.101698  0.593818  0.086204
 1.192934 -1.328355  3.318921
-1.364883 -1.142600 -6.036974
-1.249979 -0.410939 -5.155828
-0.657718  0.010378 -3.046185
-0.270867 -0.373213 -1.711050
-0.011385  1.275337  1.218413
-1.113406  0.076387 -4.409653
-1.141162 -0.284146 -4.829736
-0.713037  1.043610 -2.227061
 1.079563 -0.483324  3.925435
 0.545690 -0.330884  2.264154
 1.261771 -1.231523  3.531629
-0.876358  0.487878 -3.354190
 1.067099 -1.458840  2.920181
 0.571671 -0.605419  2.099774
 0.705751  0.193785  3.436813
-0.362954  0.911640 -0.863548
 0.621957 -0.042161  2.870975
-1.070071  1.535059 -2.851115
 1.538990  0.229833  5.227305
-0.408974 -0.043215 -2.031554
-0.065650  0.048440 -0.279572
-1.537600  0.363961 -4.633284
 1.335067 -0.679865  4.181856
-0.163249  0.843809  0.031184
 0.407631 -1.188332  0.793848
-1.057895  0.098582 -4.258041
-0.849082 -0.363482 -4.116854
-0.984360 -1.352803 -5.517394
-0.251549  1.158084 -0.086438
-0.387402 -1.116570 -3.005492
-0.218952  0.820416 -0.265617
 1.365842 -1.167767  3.727585
-0.792565 -1.275050 -4.835830
-1.203528 -0.824395 -5.490953
 0.525556 -0.041729  2.466742
 0.703162 -1.110914  2.122252
-1.564109  0.736335 -4.263553
 0.823868  1.341778  5.010672
-1.514303 -0.910202 -5.902225
 0.614767  0.464101  3.347941
-0.527761  1.127692 -1.390311
-1.008137  0.193929 -4.035269
-0.806610 -0.421677 -4.031406
 0.411946  0.512661  2.514626
-0.834414 -1.546277 -5.250791
 0.966863  0.517455  4.632997
 0.844912  0.761885  4.501448
 0.920460 -1.518473  2.460929
 1.057656  1.287705  5.643740
-0.772096  0.012392 -3.475799
-0.324844  1.501839 -0.093968
 0.472298 -0.318133  1.956538
 0.667401 -0.274654  2.820081
-0.547176  0.723871 -1.877516
 0.385916 -1.503229  0.378810
-0.382848  1.428975 -0.438844
 1.195235  0.179787  4.831296    	
-1.440576  0.076244 -4.881423
-1.043994  1.506872 -2.815223
-0.511031  1.138046 -1.307339
 0.159654  0.145512  0.940395
 0.462759 -0.541567  1.690525
 0.923337  0.249392  4.237485
 0.524166 -0.658485  1.843971
 1.386838 -0.014357  4.901280
-1.291396  0.396366 -4.409739
-1.495416  1.467516 -3.518285
 0.009611  1.087185  1.135241
-1.095766 -0.686337 -5.132730
 0.079791 -0.525364 -0.126833
-0.124900  1.360425  0.737550
-1.529307  0.317558 -4.678139
 0.286399 -1.399110  0.013388
-1.177019  0.813178 -3.804154
-1.463010 -0.117278 -5.088261
 0.380403  0.267416  2.123891
-1.542538 -0.727610 -5.725614
 1.296621  0.951571  5.764816
 1.092554  0.249967  4.688993
-1.277734  0.908572 -3.878247
-1.335162 -0.998310 -5.860143
-0.265882 -1.259806 -2.573608
-1.101614  1.314502 -3.145190
 1.398152 -0.626607  4.299062
-0.942655 -0.092878 -4.138484
 0.418801  0.503266  2.536591
-0.303273  0.460266 -1.032960
-0.749997  1.553947 -1.854235
 0.631976 -0.356243  2.597459
 0.796304  0.739738  4.313618
 1.097252 -0.394065  4.055722
-0.563666  1.125486 -1.545957
 0.449097 -0.837865  1.332895
 0.506286 -0.029170  2.395491
 0.982922  0.799324  4.959931
-0.691418  1.218532 -1.969618
 1.371786  0.613472  5.514786
 1.529499 -1.300600  3.695137
 0.357154  1.356830  3.104876
-0.356435  0.985271 -0.759406
-0.306868 -1.508406 -3.018779
-0.082284  0.960679  0.549725
 0.522632  0.738492  3.234305
 0.943806 -0.416212  3.632772
-1.188571  0.169289 -4.469896
-1.247294  1.479501 -3.261139
 1.345996 -0.240188  4.634006